1750129177000000030
2080501741000002370
1750129177266666670
1750129177300000000
1750129177333333330
1750129177366666660
2082661565000002370
2080138021000002370
2083471561000002370
2083852802000002370
2080594802000002370
1750129177899999940
2085074041000002370
2111853609000002370
2112753602000002370
2113250761000002370
2113488001000002370
1750129178433333320
1750129178466666650
1750129178499999980
1750129178533333310
1750129178566666640
1750129178599999970
1750129178633333300
2115216001000002370
2115828727000002370
2112217201000002370
2112129725000002370
2143660141000002370
1750129179366666660
2146629961000002370
2146752001000002370
2147616006000002370
2175761303000002370
2175825602000002370
1750129180300000000
2174745906000002370
2178900727000002370
2175289201000002370
1750129180899999940
1750129181033333360
2206732141000002370
2206197308000002370
2208096001000002370
2208891965000002370
2209701961000002370
2206792877000002370
2210083202000002370
2206825201000002370
2206737725000002370
2238084009000002370
2237938681000002370
2238282190000002370
2240582404000002370
2241324361000002370
1750129182766666620
1750129182866666610
2242926841000002370
2270455683000002370
2270520002000002370
2271017161000002370
2269440306000002370
2271690541000002370
2272118404000002370
2269850583000002370
1750129183833333280
2269896125000002370
2300891708000002370
1750129184266666670
1750129184566666640
2301386583000002370
2301249781000002370
2332962541000002370
2334089161000002370
2332512306000002370
2334762541000002370
2332890190000002370
2335536084000002370
1750129185633333300
1750129185733333290
2336918406000002370
1750129185933333270
2332968125000002370
1750129186033333360
2365150110000002370
2365214402000002370
2365711561000002370
2365948801000002370
1750129186533333310
2364645674000002370
2367936002000002370
2364408181000002370
2364590525000002370
2395586180000002370
1750129187300000000
1750129187399999990
2398280765000002370
2395757221000002370
2396214007000002370
1750129188033333360
1750129188066666690
2427120121000002370
2427241081000002370
2429816765000002370
2427293221000002370
1750129188733333290
2427480181000002370
2432229241000002370
2458656034000002370
2459192941000002370
2458658178000002370
2460182947000002370
1750129189399999990
2462162761000002370
2462284801000002370
2462897527000002370
2463148806000002370
2459198525000002370
2490544809000002370
2490280577000002370
2492615341000002370
1750129190566666640
2490876008000002370
2494519927000002370
2494771206000002370
2495387641000002370
2522351341000002370
1750129191133333350
1750129191300000000
2523715201000002370
2524511165000002370
2521987621000002370
2524924887000002370
2522311383000002370
2525443201000002370
2526055927000002370
2522356925000002370
2553616809000002370
2554452483000002370
1750129192399999990
1750129192666666630
1750129192733333290
2557591927000002370
2557843206000002370
2558459641000002370
2584886439000002370
2586052802000002370
1750129193433333320
1750129193566666640
2585383383000002370
1750129193766666620
1750129193799999950
2585516404000002370
1750129193933333270
1750129194000000030
1750129194066666690
1750129194133333350
2618035747000002370
2618409601000002370
1750129194499999980
1750129194566666640
2617005783000002370
1750129194799999950
2621618041000002370
1750129195033333360
2649146910000002370
1750129195266666670
1750129195333333330
2650381741000002370
2648218021000002370
1750129195566666640
1750129195633333300
2651673601000002370
2648404981000002370
1750129196066666690
2680747202000002370
2681481601000002370
1750129196499999980
1750129196533333310
2683087561000002370
2680178473000002370
2684073606000002370
1750129196933333270
2711116804000002370
1750129197166666680
1750129197200000010
1750129197233333340
1750129197266666670
2713017601000002370
2711581390000002370
2713881604000002370
1750129197599999970
1750129197633333300
2715358327000002370
2715868801000002370
2711659325000002370
2743005609000002370
2743841283000002370
1750129198166666680
2743905602000002370
2744402761000002370
2742825906000002370
2745076141000002370
1750129198466666650
1750129198499999980
1750129198566666640
2746245961000002370
2743336871000002370
1750129198733333290
2743369207000002370
2747848441000002370
2774275233000002370
2774277377000002370
2775802147000002370
1750129199333333330
2776612141000002370
1750129199566666640
1750129199599999970
2774872808000002370
1750129199733333290
1750129199766666620
2774635381000002370
1750129199899999940
2779384441000002370
1750129200000000030
1750129200066666690
2806977602000002370
2806275874000002370
2808921609000002370
1750129200633333300
2809440001000002370
2806171381000002370
1750129200899999940
2810920441000002370
1750129201033333360
1750129201066666690
945418147000002370
944012283000002370
946228141000002370
1750129201533333310
1750129201599999970
1750129201633333300
947520001000002370
948132727000002370
944521210000002370
1750129201899999940
1750129201933333270
1750129201966666600
1750129202000000030
976050541000002370
1750129202200000010
1750129202233333340
1750129202266666670
1750129202333333330
977414401000002370
975686821000002370
978624009000002370
979142401000002370
1750129202766666620
1750129202899999940
1750129203066666690
1750129203133333350
1750129203233333340
1007170681000002370
1750129203366666660
1750129203399999990
1750129203466666650
1009814404000002370
1010556361000002370
1750129203666666630
1007679601000002370
1038585632000002370
1039122541000002370
1750129204266666670
1750129204300000000
1750129204366666660
1750129204399999990
1750129204466666650
1750129204499999980
1750129204566666640
1750129204599999970
1750129204633333300
1750129204699999960
1750129204733333290
1750129204799999950
1750129204899999940
1750129204933333270
1750129205000000030
1750129205366666660
1070586277000002370
1750129205533333310
1750129205599999970
1750129205633333300
1750129205666666630
1750129205699999960
1074009602000002370
1750129205799999950
1750129205833333280
1750129205866666610
1750129205899999940
1750129205933333270
1750129205966666600
1102910402000002370
1104080941000002370
1750129206766666620
1750129206866666610
1750129206899999940
1750129206933333270
1750129207000000030
1750129207100000020
1750129207366666660
1750129207633333300
1133877680000002370
1750129208066666690
1165918103000002370
1750129208300000000
1750129208366666660
1750129208399999990
1750129208766666620
1165446001000002370
1169925241000002370
1196618409000002370
1196354108000002370
1196438706000002370
1199048765000002370
1199980801000002370
1750129209933333270
1196894525000002370
1228511341000002370
1227974521000002370
1229501347000002370
1750129210333333330
1750129210399999990
1750129210433333320
1750129210499999980
1750129210566666640
1750129210833333280
1750129210899999940
1750129210966666600
1750129211166666680
1259683621000002370
1750129212133333350
1292573347000002370
1291644008000002370
1295539206000002370
1296155641000002370
1750129213000000030
1750129213133333350
1750129213200000010
1324483201000002370
1323047072000002370
1326089161000002370
1323212401000002370
1327691641000002370
1750129214100000020
1354206975000002370
1750129214266666670
1354291506000002370
1354669471000002370
1357711561000002370
1750129214733333290
1750129214833333280
1750129214899999940
1354747325000002370
1386007209000002370
1750129215300000000
1385827506000002370
1388437565000002370
1750129215499999980
1388851209000002370
1750129215699999960
1750129215766666620
1750129215899999940
1750129216000000030
1750129216133333350
1750129216166666680
1750129216200000010
1750129216233333340
1750129216300000000
1750129216333333330
1750129216366666660
1750129216399999990
1750129216433333320
1750129216533333310
1750129216599999970
1420905601000002370
1417636981000002370
1750129216899999940
1449349741000002370
1449979202000002370
1750129217266666670
1750129217399999990
1750129217433333320
1449277476000002370
1451923290000002370
1449309804000002370
1750129217766666620
1453305606000002370
1750129217933333270
1750129217966666600
1480435235000002370
1480972141000002370
1480437371000002370
1750129218200000010
1482098761000002370
1480521906000002370
1750129218433333320
1750129218466666650
1483200004000002370
1483941961000002370
1750129218666666630
1750129218833333280
1484928006000002370
1750129218933333270
1511971204000002370
1512508141000002370
1511973308000002370
1750129219233333340
1750129219366666660
1750129219399999990
1512144421000002370
1515477961000002370
1750129219699999960
1750129219866666610
1517080441000002370
1750129220000000030
1544044141000002370
1750129220200000010
1543593906000002370
1750129220399999990
1543680421000002370
1750129220599999970
1750129220699999960
1750129220833333280
1548616441000002370
1576209602000002370
1576706761000002370
1750129221333333330
1750129221433333320
1750129221499999980
1575640808000002370
1750129221933333270
1575585725000002370
1607202541000002370
1606665721000002370
1750129222233333340
1608329161000002370
1609002541000002370
1750129222499999980
1750129222566666640
1611417601000002370
1607208125000002370
1638738541000002370
1638201721000002370
1639865161000002370
1638288306000002370
1750129223499999980
1750129223533333310
1641312009000002370
1638698605000002370
1642089602000002370
1638561781000002370
1642694406000002370
1643310841000002370
1669739778000002370
1750129224300000000
1672074541000002370
1750129224466666650
1672502404000002370
1750129224666666630
1750129224733333290
1674230406000002370
1670280125000002370
1701275771000002370
1750129225233333340
1750129225300000000
1703174401000002370
1704038404000002370
1704902401000002370
1705766406000002370
1750129226000000030
1733998103000002370
1750129226233333340
1750129226333333330
1734796801000002370
1735592765000002370
1750129226499999980
1735660804000002370
1750129226699999960
1733526001000002370
1738005241000002370
1764698409000002370
1764432121000002370
1750129227233333340
1766095561000002370
1750129227366666660
1750129227399999990
1767196804000002370
1765029608000002370
1750129227733333290
1750129227799999950
1750129227899999940
1750129227966666600
1750129228033333360
1796504941000002370
1795970174000002370
1750129228200000010
1797631561000002370
1796054706000002370
1798304941000002370
1750129228633333300
1750129228733333290
1796328181000002370
1800460806000002370
1796510525000002370
1750129229100000020
1750129229200000010
1827625089000002370
1750129229366666660
1750129229433333320
1750129229499999980
1750129229599999970
1750129229733333290
1831745527000002370
1750129229833333280
1831996806000002370
1750129230133333350
1860789961000002370
1750129230399999990
1859591080000002370
1862236886000002370
1859724075000002370
1750129230733333290
1863367927000002370
1864235641000002370
1750129231233333340
1750129231266666670
1750129231300000000
1890749106000002370
1892999341000002370
1750129231566666640
1891260008000002370
1894903927000002370
1895414401000002370
1922464809000002370
1922200575000002370
1750129232266666670
1922319481000002370
1924535341000002370
1750129232599999970
1922796008000002370
1926691206000002370
1750129232933333270
1953734521000002370
1955261347000002370
1750129233366666660
1956071341000002370
1956499204000002370
1954231406000002370
1957622402000002370
1750129233833333280
1958486401000002370
1954276925000002370
1985623209000002370
1986458906000002370
1986523202000002370
1750129234266666670
1750129234466666650
1750129234566666640
1750129234666666630
1989244802000002370
2016892836000002370
2018419747000002370
1750129235300000000
1750129235333333330
1750129235433333320
2017066021000002370
2020399561000002370
2020521601000002370
1750129235833333280
2021385606000002370
2017435325000002370
2048965741000002370
1750129236266666670
1750129236433333320
1750129236499999980
2051539289000002370
1750129236699999960
2049058801000002370
2081066901000002370
2079964921000002370
2081628361000002370
1750129237333333330
2081865601000002370
2080138021000002370
2083075209000002370
2080461802000002370
1750129237733333290
2080324981000002370
2111589373000002370
2113114147000002370
1750129238366666660
2113924141000002370
2111760421000002370
2115093961000002370
2112184808000002370
1750129238733333290
1750129238799999950
2116080006000002370
2116696441000002370
2143389609000002370
2143125308000002370
2144650147000002370
2145024001000002370
1750129239533333310
1750129239633333300
2147011202000002370
2143753203000002370
2147875201000002370
2174661308000002370
2175825602000002370
1750129240333333330
1750129240633333300
2178547202000002370
2175289204000002370
2206195237000002370
1750129241066666690
2207297302000002370
2206195321000002370
1750129241266666670
2206281906000002370
1750129241399999990
2206659877000002370
1750129241633333300
2210083202000002370
1750129241799999950
2211304441000002370
2238354541000002370
2238984002000002370
2237938688000002370
2240514365000002370
2237990821000002370
2241324361000002370
1750129242866666610
2242926841000002370
2269353635000002370
1750129243066666690
1750129243200000010
1750129243300000000
2271254401000002370
1750129243466666650
2269526821000002370
1750129243566666640
2269850603000002370
2273241602000002370
2269713781000002370
2273846406000002370
1750129243966666600
2301156009000002370
2300891772000002370
2302416547000002370
2301010686000002370
2303226541000002370
2301062821000002370
2304396361000002370
2305131127000002370
2305382406000002370
1750129244966666600
1750129245033333360
2332962541000002370
2332427777000002370
2334089161000002370
2334762541000002370
1750129245466666650
2335536009000002370
1750129245633333300
1750129245699999960
1750129245766666620
2337177601000002370
2332968125000002370
2364314409000002370
1750129246100000020
2365214402000002370
2366744765000002370
1750129246566666640
1750129246633333300
2364645608000002370
1750129246766666620
2364678009000002370
2369157241000002370
2395584031000002370
1750129247166666680
1750129247233333340
1750129247300000000
2395670706000002370
2399090761000002370
2396181608000002370
2399472002000002370
2395944181000002370
2400336001000002370
2427120032000002370
2427656941000002370
1750129248166666680
1750129248200000010
2428783561000002370
2427206706000002370
2427584672000002370
2429884804000002370
1750129248633333300
1750129248666666630
2431008002000002370
2427662525000002370
2459758110000002370
2459822402000002370
1750129249300000000
2458742706000002370
2460992941000002370
2458829221000002370
2461766483000002370
2459286006000002370
2463408001000002370
2459198525000002370
2491444802000002370
2491941961000002370
2490742990000002370
2493388884000002370
2490775410000002370
2493907201000002370
2494771206000002370
2521814438000002370
2522916501000002370
1750129251266666670
2521935488000002370
1750129251366666660
2524151341000002370
2524579204000002370
1750129251633333300
1750129251799999950
2526923641000002370
2553616809000002370
1750129252133333350
2554516802000002370
1750129252266666670
2556047165000002370
2553523621000002370
2556857161000002370
1750129252833333280
1750129252933333270
1750129252966666600
1750129253033333360
1750129253233333340
2586787201000002370
2585351076000002370
1750129253633333300
2588515201000002370
2585246581000002370
2589379206000002370
1750129253933333270
2616508835000002370
2616510971000002370
2618172361000002370
2616595506000002370
1750129254433333320
1750129254499999980
1750129254533333310
2617005803000002370
2620137601000002370
2617138801000002370
1750129254966666600
1750129255000000030
2649146905000002370
2648044921000002370
2649708361000002370
2649945601000002370
2650741565000002370
1750129255533333310
1750129255666666630
2652286327000002370
2653154041000002370
2679847209000002370
2679580921000002370
1750129256333333330
2681917741000002370
2680045473000002370
1750129256633333300
2683822327000002370
1750129256833333280
2684332801000002370
2711653741000002370
1750129257166666680
2712643747000002370
2711237882000002370
2713017601000002370
2713881604000002370
2714745601000002370
2715358327000002370
1750129257866666610
2716226041000002370
2743005609000002370
1750129258133333350
1750129258166666680
1750129258200000010
2744402761000002370
2743203871000002370
1750129258566666640
1750129258666666630
1750129258699999960
1750129258833333280
2747491201000002370
2774275204000002370
2774275321000002370
2775802147000002370
2774361906000002370
2776612141000002370
2774772210000002370
2778516727000002370
2778768006000002370
2774817725000002370
2806348141000002370
1750129260200000010
2807338147000002370
2808148141000002370
2806275790000002370
2809317961000002370
2809699202000002370
2806171381000002370
1750129260966666600
1750129261033333360
1750129261166666680
1750129261233333340
945792001000002370
946587965000002370
1750129261533333310
1750129261599999970
947779202000002370
1750129262066666690
1750129262166666680
1750129262200000010
1750129262300000000
977850541000002370
1750129262699999960
979401602000002370
1750129263066666690
1007051776000002370
1750129263200000010
1750129263300000000
1007136306000002370
1750129263433333320
1750129263499999980
1010556361000002370
1007647208000002370
1039687708000002370
1750129264266666670
1750129264366666660
1041282365000002370
1041696009000002370
1043078406000002370
1070388009000002370
1071223701000002370
1750129265266666670
1750129265300000000
1750129265333333330
1072458541000002370
1750129265566666640
1070481781000002370
1102280941000002370
1103407561000002370
1103644801000002370
1750129266499999980
1104854409000002370
1750129266766666620
1750129266966666600
1133546409000002370
1750129267166666680
1134446402000002370
1134943561000002370
1750129267333333330
1750129267399999990
1750129267533333310
1750129267566666640
1750129267633333300
1133877679000002370
1750129267766666620
1137772806000002370
1750129268000000030
1165352941000002370
1750129268200000010
1166479561000002370
1166716801000002370
1167512765000002370
1750129268533333310
1750129268699999960
1165446001000002370
1750129268899999940
1750129268966666600
1750129269033333360
1197878947000002370
1196438706000002370
1750129269433333320
1199462488000002370
1196848983000002370
1199980801000002370
1200593527000002370
1750129269866666610
1201104001000002370
1227974521000002370
1229637961000002370
1228061106000002370
1230671165000002370
1231084887000002370
1750129270633333300
1228572078000002370
1228334581000002370
1750129270866666610
1750129270933333270
1750129270966666600
1259776809000002370
1261411201000002370
1259683621000002370
1262620809000002370
1263398402000002370
1259870581000002370
1264619641000002370
1750129272000000030
1750129272033333360
1292148505000002370
1750129272166666680
1292212802000002370
1750129272366666660
1293383341000002370
1750129272466666650
1291219621000002370
1750129272566666640
1291543406000002370
1750129272699999960
1750129272766666620
1295539206000002370
1750129273100000020
1322584575000002370
1324245961000002370
1750129273399999990
1323047071000002370
1750129273633333300
1326211201000002370
1326823927000002370
1323212401000002370
1323124925000002370
1750129274066666690
1354206976000002370
1355868361000002370
1354291506000002370
1356541741000002370
1750129274533333310
1750129274566666640
1354701808000002370
1357833601000002370
1358446327000002370
1750129274899999940
1750129275066666690
1385742973000002370
1387267747000002370
1750129275366666660
1386205477000002370
1750129275566666640
1386237801000002370
1750129275866666610
1417813741000002370
1750129276233333340
1417397888000002370
1417741478000002370
1750129276533333310
1420387209000002370
1750129276699999960
1750129276799999950
1750129276866666610
1750129277033333360
1449914904000002370
1448812921000002370
1450713601000002370
1448986021000002370
1750129277633333300
1750129277699999960
1449442801000002370
1480701609000002370
1750129278433333320
1750129278599999970
1480932204000002370
1750129278699999960
1484676727000002370
1485544441000002370
1511971204000002370
1513073283000002370
1750129279166666680
1750129279300000000
1513872001000002370
1750129279566666640
1750129279599999970
1750129279633333300
1750129279666666630
1750129279699999960
1750129279733333290
1750129279766666620
1750129279799999950
1750129279833333280
1750129279866666610
1750129279899999940
1750129279933333270
1750129279966666600
1750129280000000030
1750129280033333360
1750129280066666690
1750129280100000020
1750129280133333350
1750129280166666680
1750129280200000010
1750129280233333340
1750129280266666670
1750129280300000000
1750129280333333330
1750129280366666660
1750129280399999990
1750129280433333320
1750129280466666650
1750129280499999980
1750129280533333310
1750129280566666640
1750129280599999970
1750129280633333300
1750129280666666630
1750129280699999960
1750129280733333290
1750129280766666620
1750129280799999950
1750129280833333280
1750129280866666610
1750129280899999940
1750129280933333270
1750129280966666600
1750129281000000030
1750129281033333360
1750129281066666690
1750129281100000020
1750129281133333350
1750129281166666680
1750129281200000010
1750129281233333340
1750129281266666670
1750129281300000000
1750129281333333330
1750129281366666660
1750129281399999990
1750129281433333320
1750129281466666650
1750129281499999980
1750129281533333310
1750129281566666640
1750129281599999970
1750129281633333300
1750129281666666630
1750129281699999960
1750129281733333290
1750129281766666620
1750129281799999950
1750129281833333280
1750129281866666610
1750129281899999940
1750129281933333270
1750129281966666600
1750129282000000030
1750129282033333360
1750129282066666690
1750129282100000020
1750129282133333350
1750129282166666680
1750129282200000010
1750129282233333340
1750129282266666670
1750129282300000000
1750129282333333330
1750129282366666660
1750129282399999990
1750129282433333320
1750129282466666650
1750129282499999980
1750129282533333310
1750129282566666640
1750129282599999970
1750129282633333300
1750129282666666630
1750129282699999960
1750129282733333290
1750129282766666620
1750129282799999950
1750129282833333280
1750129282866666610
1750129282899999940
1750129282933333270
1750129282966666600
1750129283000000030
1750129283033333360
1750129283066666690
1750129283100000020
1750129283133333350
1750129283166666680
1750129283200000010
1750129283233333340
1750129283266666670
1750129283300000000
1750129283333333330
1750129283366666660
1750129283399999990
1750129283433333320
1750129283466666650
1750129283499999980
1750129283533333310
1750129283566666640
1750129283599999970
1750129283633333300
1750129283666666630
1750129283699999960
1750129283733333290
1750129283766666620
1750129283799999950
1750129283833333280
1750129283866666610
1750129283899999940
1750129283933333270
1750129283966666600
1750129284000000030
1750129284033333360
1750129284066666690
1750129284100000020
1750129284133333350
1750129284166666680
1750129284200000010
1750129284233333340
1750129284266666670
1750129284300000000
1750129284333333330
1750129284366666660
1750129284399999990
1750129284433333320
1750129284466666650
1750129284499999980
1750129284533333310
1750129284566666640
1750129284599999970
1750129284633333300
1750129284666666630
1750129284699999960
1750129284733333290
1750129284766666620
1750129284799999950
1750129284833333280
1750129284866666610
1750129284899999940
1750129284933333270
1750129284966666600
1750129285000000030
1750129285033333360
1750129285066666690
1750129285100000020
1750129285133333350
1750129285166666680
1750129285200000010
1750129285233333340
1750129285266666670
1750129285300000000
1750129285333333330
1750129285366666660
1750129285399999990
1750129285433333320
1750129285466666650
1750129285499999980
1750129285533333310
1750129285566666640
1750129285599999970
1750129285633333300
1750129285666666630
1750129285699999960
1750129285733333290
1750129285766666620
1750129285799999950
1750129285833333280
1750129285866666610
1750129285899999940
1750129285933333270
1750129285966666600
1750129286000000030
1750129286033333360
1750129286066666690
1750129286100000020
1750129286133333350
1750129286166666680
1750129286200000010
1750129286233333340
1750129286266666670
1750129286300000000
1750129286333333330
1750129286366666660
1750129286399999990
1750129286433333320
1750129286466666650
1750129286499999980
1750129286533333310
1750129286566666640
1750129286599999970
1750129286633333300
1750129286666666630
1750129286699999960
1750129286733333290
1750129286766666620
1750129286799999950
1750129286833333280
1750129286866666610
1750129286899999940
1750129286933333270
1750129286966666600
1750129287000000030
1750129287033333360
1750129287066666690
1750129287100000020
1750129287133333350
1750129287166666680
1750129287200000010
1750129287233333340
1750129287266666670
1750129287300000000
1750129287333333330
1750129287366666660
1750129287399999990
1750129287433333320
1750129287466666650
1750129287499999980
1750129287533333310
1750129287566666640
1750129287599999970
1750129287633333300
1750129287666666630
1750129287699999960
1750129287733333290
1750129287766666620
1750129287799999950
1750129287833333280
1750129287866666610
1750129287899999940
1750129287933333270
1750129287966666600
1750129288000000030
1750129288033333360
1750129288066666690
1750129288100000020
1750129288133333350
1750129288166666680
1750129288200000010
1750129288233333340
1750129288266666670
1750129288300000000
1750129288333333330
1750129288366666660
1750129288399999990
1750129288433333320
1750129288466666650
1750129288499999980
1750129288533333310
1750129288566666640
1750129288599999970
1750129288633333300
1750129288666666630
1750129288699999960
1750129288733333290
1750129288766666620
1750129288799999950
1750129288833333280
1750129288866666610
1750129288899999940
1750129288933333270
1750129288966666600
1750129289000000030
1750129289033333360
1750129289066666690
1750129289100000020
1750129289133333350
1750129289166666680
1750129289200000010
1750129289233333340
1750129289266666670
1750129289300000000
1750129289333333330
1750129289366666660
1750129289399999990
1750129289433333320
1750129289466666650
1750129289499999980
1750129289533333310
1750129289566666640
1750129289599999970
1750129289633333300
1750129289666666630
1750129289699999960
1750129289733333290
1750129289766666620
1750129289799999950
1750129289833333280
1750129289866666610
1750129289899999940
1750129289933333270
1750129289966666600
1750129290000000030
1750129290033333360
1750129290066666690
1750129290100000020
1750129290133333350
1750129290166666680
1750129290200000010
1750129290233333340
1750129290266666670
1750129290300000000
1750129290333333330
1750129290366666660
1750129290399999990
1750129290433333320
1750129290466666650
1750129290499999980
1750129290533333310
1750129290566666640
1750129290599999970
1750129290633333300
1750129290666666630
1750129290699999960
1750129290733333290
1750129290766666620
1750129290799999950
1750129290833333280
1750129290866666610
1750129290899999940
1750129290933333270
1750129290966666600
1750129291000000030
1750129291033333360
1750129291066666690
1750129291100000020
1750129291133333350
1750129291166666680
1750129291200000010
1750129291233333340
1750129291266666670
1750129291300000000
1750129291333333330
1750129291366666660
1750129291399999990
1750129291433333320
1750129291466666650
1750129291499999980
1750129291533333310
1750129291566666640
1750129291599999970
1750129291633333300
1750129291666666630
1750129291699999960
1750129291733333290
1750129291766666620
1750129291799999950
1750129291833333280
1750129291866666610
1750129291899999940
1750129291933333270
1750129291966666600
1750129292000000030
1750129292033333360
1750129292066666690
1750129292100000020
1750129292133333350
1750129292166666680
1750129292200000010
1750129292233333340
1750129292266666670
1750129292300000000
1750129292333333330
1750129292366666660
1750129292399999990
1750129292433333320
1750129292466666650
1750129292499999980
1750129292533333310
1750129292566666640
1750129292599999970
1750129292633333300
1750129292666666630
1750129292699999960
1750129292733333290
1750129292766666620
1750129292799999950
1750129292833333280
1750129292866666610
1750129292899999940
1750129292933333270
1750129292966666600
1750129293000000030
1750129293033333360
1750129293066666690
1750129293100000020
1750129293133333350
1750129293166666680
1750129293200000010
1750129293233333340
1750129293266666670
1750129293300000000
1750129293333333330
1750129293366666660
1750129293399999990
1750129293433333320
1750129293466666650
1750129293499999980
1750129293533333310
1750129293566666640
1750129293599999970
1750129293633333300
1750129293666666630
1750129293699999960
1750129293733333290
1750129293766666620
1750129293799999950
1750129293833333280
1750129293866666610
1750129293899999940
1750129293933333270
1750129293966666600
1750129294000000030
1750129294033333360
1750129294066666690
1750129294100000020
1750129294133333350
1750129294166666680
1750129294200000010
1750129294233333340
1750129294266666670
1750129294300000000
1750129294333333330
1750129294366666660
1750129294399999990
1750129294433333320
1750129294466666650
1750129294499999980
1750129294533333310
1750129294566666640
1750129294599999970
1750129294633333300
1750129294666666630
1750129294699999960
1750129294733333290
1750129294766666620
1750129294799999950
1750129294833333280
1750129294866666610
1750129294899999940
1750129294933333270
1750129294966666600
1750129295000000030
1750129295033333360
1750129295066666690
1750129295100000020
1750129295133333350
1750129295166666680
1750129295200000010
1750129295233333340
1750129295266666670
1750129295300000000
1750129295333333330
1750129295366666660
1750129295399999990
1750129295433333320
1750129295466666650
1750129295499999980
1750129295533333310
1750129295566666640
1750129295599999970
1750129295633333300
1750129295666666630
1750129295699999960
1750129295733333290
1750129295766666620
1750129295799999950
1750129295833333280
1750129295866666610
1750129295899999940
1750129295933333270
1750129295966666600
1750129296000000030
1750129296033333360
1750129296066666690
1750129296100000020
1750129296133333350
1750129296166666680
1750129296200000010
1750129296233333340
1750129296266666670
1750129296300000000
1750129296333333330
1750129296366666660
1750129296399999990
1750129296433333320
1750129296466666650
1750129296499999980
1750129296533333310
1750129296566666640
1750129296599999970
1750129296633333300
1750129296666666630
1750129296699999960
1750129296733333290
1750129296766666620
1750129296799999950
1750129296833333280
1750129296866666610
1750129296899999940
1750129296933333270
1750129296966666600
1750129297000000030
1750129297033333360
1750129297066666690
1750129297100000020
1750129297133333350
1750129297166666680
1750129297200000010
1750129297233333340
1750129297266666670
1750129297300000000
1750129297333333330
1750129297366666660
1750129297399999990
1750129297433333320
1750129297466666650
1750129297499999980
1750129297533333310
1750129297566666640
1750129297599999970
1750129297633333300
1750129297666666630
1750129297699999960
1750129297733333290
1750129297766666620
1750129297799999950
1750129297833333280
1750129297866666610
1750129297899999940
1750129297933333270
1750129297966666600
1750129298000000030
1750129298033333360
1750129298066666690
1750129298100000020
1750129298133333350
1750129298166666680
1750129298200000010
1750129298233333340
1750129298266666670
1750129298300000000
1750129298333333330
1750129298366666660
1750129298399999990
1750129298433333320
1750129298466666650
1750129298499999980
1750129298533333310
1750129298566666640
1750129298599999970
1750129298633333300
1750129298666666630
1750129298699999960
1750129298733333290
1750129298766666620
1750129298799999950
1750129298833333280
1750129298866666610
1750129298899999940
1750129298933333270
1750129298966666600
1750129299000000030
1750129299033333360
1750129299066666690
1750129299100000020
1750129299133333350
1750129299166666680
1750129299200000010
1750129299233333340
1750129299266666670
1750129299300000000
1750129299333333330
1750129299366666660
1750129299399999990
1750129299433333320
1750129299466666650
1750129299499999980
1750129299533333310
1750129299566666640
1750129299599999970
1750129299633333300
1750129299666666630
1750129299699999960
1750129299733333290
1750129299766666620
1750129299799999950
1750129299833333280
1750129299866666610
1750129299899999940
1750129299933333270
1750129299966666600
1750129300000000030
1750129300033333360
1750129300066666690
1750129300100000020
1750129300133333350
1750129300166666680
1750129300200000010
1750129300233333340
1750129300266666670
1750129300300000000
1750129300333333330
1750129300366666660
1750129300399999990
1750129300433333320
1750129300466666650
1750129300499999980
1750129300533333310
1750129300566666640
1750129300599999970
1750129300633333300
1750129300666666630
1750129300699999960
1750129300733333290
1750129300766666620
1750129300799999950
1750129300833333280
1750129300866666610
1750129300899999940
1750129300933333270
1750129300966666600
1750129301000000030
1750129301033333360
1750129301066666690
1750129301100000020
1750129301133333350
1750129301166666680
1750129301200000010
1750129301233333340
1750129301266666670
1750129301300000000
1750129301333333330
1750129301366666660
1750129301399999990
1750129301433333320
1750129301466666650
1750129301499999980
1750129301533333310
1750129301566666640
1750129301599999970
1750129301633333300
1750129301666666630
1750129301699999960
1750129301733333290
1750129301766666620
1750129301799999950
1750129301833333280
1750129301866666610
1750129301899999940
1750129301933333270
1750129301966666600
1750129302000000030
1750129302033333360
1750129302066666690
1750129302100000020
1750129302133333350
1750129302166666680
1750129302200000010
1750129302233333340
1750129302266666670
1750129302300000000
1750129302333333330
1750129302366666660
1750129302399999990
1750129302433333320
1750129302466666650
1750129302499999980
1750129302533333310
1750129302566666640
1750129302599999970
1750129302633333300
1750129302666666630
1750129302699999960
1750129302733333290
1750129302766666620
1750129302799999950
1750129302833333280
1750129302866666610
1750129302899999940
1750129302933333270
1750129302966666600
1750129303000000030
1750129303033333360
1750129303066666690
1750129303100000020
1750129303133333350
1750129303166666680
1750129303200000010
1750129303233333340
1750129303266666670
1750129303300000000
1750129303333333330
1750129303366666660
1750129303399999990
1750129303433333320
1750129303466666650
1750129303499999980
1750129303533333310
1750129303566666640
1750129303599999970
1750129303633333300
1750129303666666630
1750129303699999960
1750129303733333290
1750129303766666620
1750129303799999950
1750129303833333280
1750129303866666610
1750129303899999940
1750129303933333270
1750129303966666600
1750129304000000030
1750129304033333360
1750129304066666690
1750129304100000020
1750129304133333350
1750129304166666680
1750129304200000010
1750129304233333340
1750129304266666670
1750129304300000000
1750129304333333330
1750129304366666660
1750129304399999990
1750129304433333320
1750129304466666650
1750129304499999980
1750129304533333310
1750129304566666640
1750129304599999970
1750129304633333300
1750129304666666630
1750129304699999960
1750129304733333290
1750129304766666620
1750129304799999950
1750129304833333280
1750129304866666610
1750129304899999940
1750129304933333270
1750129304966666600
1750129305000000030
1750129305033333360
1750129305066666690
1750129305100000020
1750129305133333350
1750129305166666680
1750129305200000010
1750129305233333340
1750129305266666670
1750129305300000000
1750129305333333330
1750129305366666660
1750129305399999990
1750129305433333320
1750129305466666650
1750129305499999980
1750129305533333310
1750129305566666640
1750129305599999970
1750129305633333300
1750129305666666630
1750129305699999960
1750129305733333290
1750129305766666620
1750129305799999950
1750129305833333280
1750129305866666610
1750129305899999940
1750129305933333270
1750129305966666600
1750129306000000030
1750129306033333360
1750129306066666690
1750129306100000020
1750129306133333350
1750129306166666680
1750129306200000010
1750129306233333340
1750129306266666670
1750129306300000000
1750129306333333330
1750129306366666660
1750129306399999990
1750129306433333320
1750129306466666650
1750129306499999980
1750129306533333310
1750129306566666640
1750129306599999970
1750129306633333300
1750129306666666630
1750129306699999960
1750129306733333290
1750129306766666620
1750129306799999950
1750129306833333280
1750129306866666610
1750129306899999940
1750129306933333270
1750129306966666600
1750129307000000030
1750129307033333360
1750129307066666690
1750129307100000020
1750129307133333350
1750129307166666680
1750129307200000010
1750129307233333340
1750129307266666670
1750129307300000000
1750129307333333330
1750129307366666660
1750129307399999990
1750129307433333320
1750129307466666650
1750129307499999980
1750129307533333310
1750129307566666640
1750129307599999970
1750129307633333300
1750129307666666630
1750129307699999960
1750129307733333290
1750129307766666620
1750129307799999950
1750129307833333280
1750129307866666610
1750129307899999940
1750129307933333270
1750129307966666600
1750129308000000030
1750129308033333360
1750129308066666690
1750129308100000020
1750129308133333350
1750129308166666680
1750129308200000010
1750129308233333340
1750129308266666670
1750129308300000000
1750129308333333330
1750129308366666660
1750129308399999990
1750129308433333320
1750129308466666650
1750129308499999980
1750129308533333310
1750129308566666640
1750129308599999970
1750129308633333300
1750129308666666630
1750129308699999960
1750129308733333290
1750129308766666620
1750129308799999950
1750129308833333280
1750129308866666610
1750129308899999940
1750129308933333270
1750129308966666600
1750129309000000030
1750129309033333360
1750129309066666690
1750129309100000020
1750129309133333350
1750129309166666680
1750129309200000010
1750129309233333340
1750129309266666670
1750129309300000000
1750129309333333330
1750129309366666660
1750129309399999990
1750129309433333320
1750129309466666650
1750129309499999980
1750129309533333310
1750129309566666640
1750129309599999970
1750129309633333300
1750129309666666630
1750129309699999960
1750129309733333290
1750129309766666620
1750129309799999950
1750129309833333280
1750129309866666610
1750129309899999940
1750129309933333270
1750129309966666600
1750129310000000030
1750129310033333360
1750129310066666690
1750129310100000020
1750129310133333350
1750129310166666680
1750129310200000010
1750129310233333340
1750129310266666670
1750129310300000000
1750129310333333330
1750129310366666660
1750129310399999990
1750129310433333320
1750129310466666650
1750129310499999980
1750129310533333310
1750129310566666640
1750129310599999970
1750129310633333300
1750129310666666630
1750129310699999960
1750129310733333290
1750129310766666620
1750129310799999950
1750129310833333280
1750129310866666610
1750129310899999940
1750129310933333270
1750129310966666600
1750129311000000030
1750129311033333360
1750129311066666690
1750129311100000020
1750129311133333350
1750129311166666680
1750129311200000010
1750129311233333340
1750129311266666670
1750129311300000000
1750129311333333330
1750129311366666660
1750129311399999990
1750129311433333320
1750129311466666650
1750129311499999980
1750129311533333310
1750129311566666640
1750129311599999970
1750129311633333300
1750129311666666630
1750129311699999960
1750129311733333290
1750129311766666620
1750129311799999950
1750129311833333280
1750129311866666610
1750129311899999940
1750129311933333270
1750129311966666600
1750129312000000030
1750129312033333360
1750129312066666690
1750129312100000020
1750129312133333350
1750129312166666680
1750129312200000010
1750129312233333340
1750129312266666670
1750129312300000000
1750129312333333330
1750129312366666660
1750129312399999990
1750129312433333320
1750129312466666650
1750129312499999980
1750129312533333310
1750129312566666640
1750129312599999970
1750129312633333300
1750129312666666630
1750129312699999960
1750129312733333290
1750129312766666620
1750129312799999950
1750129312833333280
1750129312866666610
1750129312899999940
1750129312933333270
1750129312966666600
1750129313000000030
1750129313033333360
1750129313066666690
1750129313100000020
1750129313133333350
1750129313166666680
1750129313200000010
1750129313233333340
1750129313266666670
1750129313300000000
1750129313333333330
1750129313366666660
1750129313399999990
1750129313433333320
1750129313466666650
1750129313499999980
1750129313533333310
1750129313566666640
1750129313599999970
1750129313633333300
1750129313666666630
1750129313699999960
1750129313733333290
1750129313766666620
1750129313799999950
1750129313833333280
1750129313866666610
1750129313899999940
1750129313933333270
1750129313966666600
1750129314000000030
1750129314033333360
1750129314066666690
1750129314100000020
1750129314133333350
1750129314166666680
1750129314200000010
1750129314233333340
1750129314266666670
1750129314300000000
1750129314333333330
1750129314366666660
1750129314399999990
1750129314433333320
1750129314466666650
1750129314499999980
1750129314533333310
1750129314566666640
1750129314599999970
1750129314633333300
1750129314666666630
1750129314699999960
1750129314733333290
1750129314766666620
1750129314799999950
1750129314833333280
1750129314866666610
1750129314899999940
1750129314933333270
1750129314966666600
1750129315000000030
1750129315033333360
1750129315066666690
1750129315100000020
1750129315133333350
1750129315166666680
1750129315200000010
1750129315233333340
1750129315266666670
1750129315300000000
1750129315333333330
1750129315366666660
1750129315399999990
1750129315433333320
1750129315466666650
1750129315499999980
1750129315533333310
1750129315566666640
1750129315599999970
1750129315633333300
1750129315666666630
1750129315699999960
1750129315733333290
1750129315766666620
1750129315799999950
1750129315833333280
1750129315866666610
1750129315899999940
1750129315933333270
1750129315966666600
1750129316000000030
1750129316033333360
1750129316066666690
1750129316100000020
1750129316133333350
1750129316166666680
1750129316200000010
1750129316233333340
1750129316266666670
1750129316300000000
1750129316333333330
1750129316366666660
1750129316399999990
1750129316433333320
1750129316466666650
1750129316499999980
1750129316533333310
1750129316566666640
1750129316599999970
1750129316633333300
1750129316666666630
1750129316699999960
1750129316733333290
1750129316766666620
1750129316799999950
1750129316833333280
1750129316866666610
1750129316899999940
1750129316933333270
1750129316966666600
1750129317000000030
1750129317033333360
1750129317066666690
1750129317100000020
1750129317133333350
1750129317166666680
1750129317200000010
1750129317233333340
1750129317266666670
1750129317300000000
1750129317333333330
1750129317366666660
1750129317399999990
1750129317433333320
1750129317466666650
1750129317499999980
1750129317533333310
1750129317566666640
1750129317599999970
1750129317633333300
1750129317666666630
1750129317699999960
1750129317733333290
1750129317766666620
1750129317799999950
1750129317833333280
1750129317866666610
1750129317899999940
1750129317933333270
1750129317966666600
1750129318000000030
1750129318033333360
1750129318066666690
1750129318100000020
1750129318133333350
1750129318166666680
1750129318200000010
1750129318233333340
1750129318266666670
1750129318300000000
1750129318333333330
1750129318366666660
1750129318399999990
1750129318433333320
1750129318466666650
1750129318499999980
1750129318533333310
1750129318566666640
1750129318599999970
1750129318633333300
1750129318666666630
1750129318699999960
1750129318733333290
1750129318766666620
1750129318799999950
1750129318833333280
1750129318866666610
1750129318899999940
1750129318933333270
1750129318966666600
1750129319000000030
1750129319033333360
1750129319066666690
1750129319100000020
1750129319133333350
1750129319166666680
1750129319200000010
1750129319233333340
1750129319266666670
1750129319300000000
1750129319333333330
1750129319366666660
1750129319399999990
1750129319433333320
1750129319466666650
1750129319499999980
1750129319533333310
1750129319566666640
1750129319599999970
1750129319633333300
1750129319666666630
1750129319699999960
1750129319733333290
1750129319766666620
1750129319799999950
1750129319833333280
1750129319866666610
1750129319899999940
1750129319933333270
1750129319966666600
1750129320000000030
1750129320033333360
1750129320066666690
1750129320100000020
1750129320133333350
1750129320166666680
1750129320200000010
1750129320233333340
1750129320266666670
1750129320300000000
1750129320333333330
1750129320366666660
1750129320399999990
1750129320433333320
1750129320466666650
1750129320499999980
1750129320533333310
1750129320566666640
1750129320599999970
1750129320633333300
1750129320666666630
1750129320699999960
1750129320733333290
1750129320766666620
1750129320799999950
1750129320833333280
1750129320866666610
1750129320899999940
1750129320933333270
1750129320966666600
1750129321000000030
1750129321033333360
1750129321066666690
1750129321100000020
1750129321133333350
1750129321166666680
1750129321200000010
1750129321233333340
1750129321266666670
1750129321300000000
1750129321333333330
1750129321366666660
1750129321399999990
1750129321433333320
1750129321466666650
1750129321499999980
1750129321533333310
1750129321566666640
1750129321599999970
1750129321633333300
1750129321666666630
1750129321699999960
1750129321733333290
1750129321766666620
1750129321799999950
1750129321833333280
1750129321866666610
1750129321899999940
1750129321933333270
1750129321966666600
1750129322000000030
1750129322033333360
1750129322066666690
1750129322100000020
1750129322133333350
1750129322166666680
1750129322200000010
1750129322233333340
1750129322266666670
1750129322300000000
1750129322333333330
1750129322366666660
1750129322399999990
1750129322433333320
1750129322466666650
1750129322499999980
1750129322533333310
1750129322566666640
1750129322599999970
1750129322633333300
1750129322666666630
1750129322699999960
1750129322733333290
1750129322766666620
1750129322799999950
1750129322833333280
1750129322866666610
1750129322899999940
1750129322933333270
1750129322966666600
1750129323000000030
1750129323033333360
1750129323066666690
1750129323100000020
1750129323133333350
1750129323166666680
1750129323200000010
1750129323233333340
1750129323266666670
1750129323300000000
1750129323333333330
1750129323366666660
1750129323399999990
1750129323433333320
1750129323466666650
1750129323499999980
1750129323533333310
1750129323566666640
1750129323599999970
1750129323633333300
1750129323666666630
1750129323699999960
1750129323733333290
1750129323766666620
1750129323799999950
1750129323833333280
1750129323866666610
1750129323899999940
1750129323933333270
1750129323966666600
1750129324000000030
1750129324033333360
1750129324066666690
1750129324100000020
1750129324133333350
1750129324166666680
1750129324200000010
1750129324233333340
1750129324266666670
1750129324300000000
1750129324333333330
1750129324366666660
1750129324399999990
1750129324433333320
1750129324466666650
1750129324499999980
1750129324533333310
1750129324566666640
1750129324599999970
1750129324633333300
1750129324666666630
1750129324699999960
1750129324733333290
1750129324766666620
1750129324799999950
1750129324833333280
1750129324866666610
1750129324899999940
1750129324933333270
1750129324966666600
1750129325000000030
1750129325033333360
1750129325066666690
1750129325100000020
1750129325133333350
1750129325166666680
1750129325200000010
1750129325233333340
1750129325266666670
1750129325300000000
1750129325333333330
1750129325366666660
1750129325399999990
1750129325433333320
1750129325466666650
1750129325499999980
1750129325533333310
1750129325566666640
1750129325599999970
1750129325633333300
1750129325666666630
1750129325699999960
1750129325733333290
1750129325766666620
1750129325799999950
1750129325833333280
1750129325866666610
1750129325899999940
1750129325933333270
1750129325966666600
1750129326000000030
1750129326033333360
1750129326066666690
1750129326100000020
1750129326133333350
1750129326166666680
1750129326200000010
1750129326233333340
1750129326266666670
1750129326300000000
1750129326333333330
1750129326366666660
1750129326399999990
1750129326433333320
1750129326466666650
1750129326499999980
1750129326533333310
1750129326566666640
1750129326599999970
1750129326633333300
1750129326666666630
1750129326699999960
1750129326733333290
1750129326766666620
1750129326799999950
1750129326833333280
1750129326866666610
1750129326899999940
1750129326933333270
1750129326966666600
1750129327000000030
1750129327033333360
1750129327066666690
1750129327100000020
1750129327133333350
1750129327166666680
1750129327200000010
1750129327233333340
1750129327266666670
1750129327300000000
1750129327333333330
1750129327366666660
1750129327399999990
1750129327433333320
1750129327466666650
1750129327499999980
1750129327533333310
1750129327566666640
1750129327599999970
1750129327633333300
1750129327666666630
1750129327699999960
1750129327733333290
1750129327766666620
1750129327799999950
1750129327833333280
1750129327866666610
1750129327899999940
1750129327933333270
1750129327966666600
1750129328000000030
1750129328033333360
1750129328066666690
1750129328100000020
1750129328133333350
1750129328166666680
1750129328200000010
1750129328233333340
1750129328266666670
1750129328300000000
1750129328333333330
1750129328366666660
1750129328399999990
1750129328433333320
1750129328466666650
1750129328499999980
1750129328533333310
1750129328566666640
1750129328599999970
1750129328633333300
1750129328666666630
1750129328699999960
1750129328733333290
1750129328766666620
1750129328799999950
1750129328833333280
1750129328866666610
1750129328899999940
1750129328933333270
1750129328966666600
1750129329000000030
1750129329033333360
1750129329066666690
1750129329100000020
1750129329133333350
1750129329166666680
1750129329200000010
1750129329233333340
1750129329266666670
1750129329300000000
1750129329333333330
1750129329366666660
1750129329399999990
1750129329433333320
1750129329466666650
1750129329499999980
1750129329533333310
1750129329566666640
1750129329599999970
1750129329633333300
1750129329666666630
1750129329699999960
1750129329733333290
1750129329766666620
1750129329799999950
1750129329833333280
1750129329866666610
1750129329899999940
1750129329933333270
1750129329966666600
1750129330000000030
1750129330033333360
1750129330066666690
1750129330100000020
1750129330133333350
1750129330166666680
1750129330200000010
1750129330233333340
1750129330266666670
1750129330300000000
1750129330333333330
1750129330366666660
1750129330399999990
1750129330433333320
1750129330466666650
1750129330499999980
1750129330533333310
1750129330566666640
1750129330599999970
1750129330633333300
1750129330666666630
1750129330699999960
1750129330733333290
1750129330766666620
1750129330799999950
1750129330833333280
1750129330866666610
1750129330899999940
1750129330933333270
1750129330966666600
1750129331000000030
1750129331033333360
1750129331066666690
1750129331100000020
1750129331133333350
1750129331166666680
1750129331200000010
1750129331233333340
1750129331266666670
1750129331300000000
1750129331333333330
1750129331366666660
1750129331399999990
1750129331433333320
1750129331466666650
1750129331499999980
1750129331533333310
1750129331566666640
1750129331599999970
1750129331633333300
1750129331666666630
1750129331699999960
1750129331733333290
1750129331766666620
1750129331799999950
1750129331833333280
1750129331866666610
1750129331899999940
1750129331933333270
1750129331966666600
1750129332000000030
1750129332033333360
1750129332066666690
1750129332100000020
1750129332133333350
1750129332166666680
1750129332200000010
1750129332233333340
1750129332266666670
1750129332300000000
1750129332333333330
1750129332366666660
1750129332399999990
1750129332433333320
1750129332466666650
1750129332499999980
1750129332533333310
1750129332566666640
1750129332599999970
1750129332633333300
1750129332666666630
1750129332699999960
1750129332733333290
1750129332766666620
1750129332799999950
1750129332833333280
1750129332866666610
1750129332899999940
1750129332933333270
1750129332966666600
1750129333000000030
1750129333033333360
1750129333066666690
1750129333100000020
1750129333133333350
1750129333166666680
1750129333200000010
1750129333233333340
1750129333266666670
1750129333300000000
1750129333333333330
1750129333366666660
1750129333399999990
1750129333433333320
1750129333466666650
1750129333499999980
1750129333533333310
1750129333566666640
1750129333599999970
1750129333633333300
1750129333666666630
1750129333699999960
1750129333733333290
1750129333766666620
1750129333799999950
1750129333833333280
1750129333866666610
1750129333899999940
1750129333933333270
1750129333966666600
1750129334000000030
1750129334033333360
1750129334066666690
1750129334100000020
1750129334133333350
1750129334166666680
1750129334200000010
1750129334233333340
1750129334266666670
1750129334300000000
1750129334333333330
1750129334366666660
1750129334399999990
1750129334433333320
1750129334466666650
1750129334499999980
1750129334533333310
1750129334566666640
1750129334599999970
1750129334633333300
1750129334666666630
1750129334699999960
1750129334733333290
1750129334766666620
1750129334799999950
1750129334833333280
1750129334866666610
1750129334899999940
1750129334933333270
1750129334966666600
1750129335000000030
1750129335033333360
1750129335066666690
1750129335100000020
1750129335133333350
1750129335166666680
1750129335200000010
1750129335233333340
1750129335266666670
1750129335300000000
1750129335333333330
1750129335366666660
1750129335399999990
1750129335433333320
1750129335466666650
1750129335499999980
1750129335533333310
1750129335566666640
1750129335599999970
1750129335633333300
1750129335666666630
1750129335699999960
1750129335733333290
1750129335766666620
1750129335799999950
1750129335833333280
1750129335866666610
1750129335899999940
1750129335933333270
1750129335966666600
1750129336000000030
1750129336033333360
1750129336066666690
1750129336100000020
1750129336133333350
1750129336166666680
1750129336200000010
1750129336233333340
1750129336266666670
1750129336300000000
1750129336333333330
1750129336366666660
1750129336399999990
1750129336433333320
1750129336466666650
1750129336499999980
1750129336533333310
1750129336566666640
1750129336599999970
1750129336633333300
1750129336666666630
1750129336699999960
1750129336733333290
1750129336766666620
1750129336799999950
1750129336833333280
1750129336866666610
1750129336899999940
1750129336933333270
1750129336966666600
1750129337000000030
1750129337033333360
1750129337066666690
1750129337100000020
1750129337133333350
1750129337166666680
1750129337200000010
1750129337233333340
1750129337266666670
1750129337300000000
1750129337333333330
1750129337366666660
1750129337399999990
1750129337433333320
1750129337466666650
1750129337499999980
1750129337533333310
1750129337566666640
1750129337599999970
1750129337633333300
1750129337666666630
1750129337699999960
1750129337733333290
1750129337766666620
1750129337799999950
1750129337833333280
1750129337866666610
1750129337899999940
1750129337933333270
1750129337966666600
1750129338000000030
1750129338033333360
1750129338066666690
1750129338100000020
1750129338133333350
1750129338166666680
1750129338200000010
1750129338233333340
1750129338266666670
1750129338300000000
1750129338333333330
1750129338366666660
1750129338399999990
1750129338433333320
1750129338466666650
1750129338499999980
1750129338533333310
1750129338566666640
1750129338599999970
1750129338633333300
1750129338666666630
1750129338699999960
1750129338733333290
1750129338766666620
1750129338799999950
1750129338833333280
1750129338866666610
1750129338899999940
1750129338933333270
1750129338966666600
1750129339000000030
1750129339033333360
1750129339066666690
1750129339100000020
1750129339133333350
1750129339166666680
1750129339200000010
1750129339233333340
1750129339266666670
1750129339300000000
1750129339333333330
1750129339366666660
1750129339399999990
1750129339433333320
1750129339466666650
1750129339499999980
1750129339533333310
1750129339566666640
1750129339599999970
1750129339633333300
1750129339666666630
1750129339699999960
1750129339733333290
1750129339766666620
1750129339799999950
1750129339833333280
1750129339866666610
1750129339899999940
1750129339933333270
1750129339966666600
1750129340000000030
1750129340033333360
1750129340066666690
1750129340100000020
1750129340133333350
1750129340166666680
1750129340200000010
1750129340233333340
1750129340266666670
1750129340300000000
1750129340333333330
1750129340366666660
1750129340399999990
1750129340433333320
1750129340466666650
1750129340499999980
1750129340533333310
1750129340566666640
1750129340599999970
1750129340633333300
1750129340666666630
1750129340699999960
1750129340733333290
1750129340766666620
1750129340799999950
1750129340833333280
1750129340866666610
1750129340899999940
1750129340933333270
1750129340966666600
1750129341000000030
1750129341033333360
1750129341066666690
1750129341100000020
1750129341133333350
1750129341166666680
1750129341200000010
1750129341233333340
1750129341266666670
1750129341300000000
1750129341333333330
1750129341366666660
1750129341399999990
1750129341433333320
1750129341466666650
1750129341499999980
1750129341533333310
1750129341566666640
1750129341599999970
1750129341633333300
1750129341666666630
1750129341699999960
1750129341733333290
1750129341766666620
1750129341799999950
1750129341833333280
1750129341866666610
1750129341899999940
1750129341933333270
1750129341966666600
1750129342000000030
1750129342033333360
1750129342066666690
1750129342100000020
1750129342133333350
1750129342166666680
1750129342200000010
1750129342233333340
1750129342266666670
1750129342300000000
1750129342333333330
1750129342366666660
1750129342399999990
1750129342433333320
1750129342466666650
1750129342499999980
1750129342533333310
1750129342566666640
1750129342599999970
1750129342633333300
1750129342666666630
1750129342699999960
1750129342733333290
1750129342766666620
1750129342799999950
1750129342833333280
1750129342866666610
1750129342899999940
1750129342933333270
1750129342966666600
1750129343000000030
1750129343033333360
1750129343066666690
1750129343100000020
1750129343133333350
1750129343166666680
1750129343200000010
1750129343233333340
1750129343266666670
1750129343300000000
1750129343333333330
1750129343366666660
1750129343399999990
1750129343433333320
1750129343466666650
1750129343499999980
1750129343533333310
1750129343566666640
1750129343599999970
1750129343633333300
1750129343666666630
1750129343699999960
1750129343733333290
1750129343766666620
1750129343799999950
1750129343833333280
1750129343866666610
1750129343899999940
1750129343933333270
1750129343966666600
1750129344000000030
1750129344033333360
1750129344066666690
1750129344100000020
1750129344133333350
1750129344166666680
1750129344200000010
1750129344233333340
1750129344266666670
1750129344300000000
1750129344333333330
1750129344366666660
1750129344399999990
1750129344433333320
1750129344466666650
1750129344499999980
1750129344533333310
1750129344566666640
1750129344599999970
1750129344633333300
1750129344666666630
1750129344699999960
1750129344733333290
1750129344766666620
1750129344799999950
1750129344833333280
1750129344866666610
1750129344899999940
1750129344933333270
1750129344966666600
1750129345000000030
1750129345033333360
1750129345066666690
1750129345100000020
1750129345133333350
1750129345166666680
1750129345200000010
1750129345233333340
1750129345266666670
1750129345300000000
1750129345333333330
1750129345366666660
1750129345399999990
1750129345433333320
1750129345466666650
1750129345499999980
1750129345533333310
1750129345566666640
1750129345599999970
1750129345633333300
1750129345666666630
1750129345699999960
1750129345733333290
1750129345766666620
1750129345799999950
1750129345833333280
1750129345866666610
1750129345899999940
1750129345933333270
1750129345966666600
1750129346000000030
1750129346033333360
1750129346066666690
1750129346100000020
1750129346133333350
1750129346166666680
1750129346200000010
1750129346233333340
1750129346266666670
1750129346300000000
1750129346333333330
1750129346366666660
1750129346399999990
1750129346433333320
1750129346466666650
1750129346499999980
1750129346533333310
1750129346566666640
1750129346599999970
1750129346633333300
1750129346666666630
1750129346699999960
1750129346733333290
1750129346766666620
1750129346799999950
1750129346833333280
1750129346866666610
1750129346899999940
1750129346933333270
1750129346966666600
1750129347000000030
1750129347033333360
1750129347066666690
1750129347100000020
1750129347133333350
1750129347166666680
1750129347200000010
1750129347233333340
1750129347266666670
1750129347300000000
1750129347333333330
1750129347366666660
1750129347399999990
1750129347433333320
1750129347466666650
1750129347499999980
1750129347533333310
1750129347566666640
1750129347599999970
1750129347633333300
1750129347666666630
1750129347699999960
1750129347733333290
1750129347766666620
1750129347799999950
1750129347833333280
1750129347866666610
1750129347899999940
1750129347933333270
1750129347966666600
1750129348000000030
1750129348033333360
1750129348066666690
1750129348100000020
1750129348133333350
1750129348166666680
1750129348200000010
1750129348233333340
1750129348266666670
1750129348300000000
1750129348333333330
1750129348366666660
1750129348399999990
1750129348433333320
1750129348466666650
1750129348499999980
1750129348533333310
1750129348566666640
1750129348599999970
1750129348633333300
1750129348666666630
1750129348699999960
1750129348733333290
1750129348766666620
1750129348799999950
1750129348833333280
1750129348866666610
1750129348899999940
1750129348933333270
1750129348966666600
1750129349000000030
1750129349033333360
1750129349066666690
1750129349100000020
1750129349133333350
1750129349166666680
1750129349200000010
1750129349233333340
1750129349266666670
1750129349300000000
1750129349333333330
1750129349366666660
1750129349399999990
1750129349433333320
1750129349466666650
1750129349499999980
1750129349533333310
1750129349566666640
1750129349599999970
1750129349633333300
1750129349666666630
1750129349699999960
1750129349733333290
1750129349766666620
1750129349799999950
1750129349833333280
1750129349866666610
1750129349899999940
1750129349933333270
1750129349966666600
1750129350000000030
1750129350033333360
1750129350066666690
1750129350100000020
1750129350133333350
1750129350166666680
1750129350200000010
1750129350233333340
1750129350266666670
1750129350300000000
1750129350333333330
1750129350366666660
1750129350399999990
1750129350433333320
1750129350466666650
1750129350499999980
1750129350533333310
1750129350566666640
1750129350599999970
1750129350633333300
1750129350666666630
1750129350699999960
1750129350733333290
1750129350766666620
1750129350799999950
1750129350833333280
1750129350866666610
1750129350899999940
1750129350933333270
1750129350966666600
1750129351000000030
1750129351033333360
1750129351066666690
1750129351100000020
1750129351133333350
1750129351166666680
1750129351200000010
1750129351233333340
1750129351266666670
1750129351300000000
1750129351333333330
1750129351366666660
1750129351399999990
1750129351433333320
1750129351466666650
1750129351499999980
1750129351533333310
1750129351566666640
1750129351599999970
1750129351633333300
1750129351666666630
1750129351699999960
1750129351733333290
1750129351766666620
1750129351799999950
1750129351833333280
1750129351866666610
1750129351899999940
1750129351933333270
1750129351966666600
1750129352000000030
1750129352033333360
1750129352066666690
1750129352100000020
1750129352133333350
1750129352166666680
1750129352200000010
1750129352233333340
1750129352266666670
1750129352300000000
1750129352333333330
1750129352366666660
1750129352399999990
1750129352433333320
1750129352466666650
1750129352499999980
1750129352533333310
1750129352566666640
1750129352599999970
1750129352633333300
1750129352666666630
1750129352699999960
1750129352733333290
1750129352766666620
1750129352799999950
1750129352833333280
1750129352866666610
1750129352899999940
1750129352933333270
1750129352966666600
1750129353000000030
1750129353033333360
1750129353066666690
1750129353100000020
1750129353133333350
1750129353166666680
1750129353200000010
1750129353233333340
1750129353266666670
1750129353300000000
1750129353333333330
1750129353366666660
1750129353399999990
1750129353433333320
1750129353466666650
1750129353499999980
1750129353533333310
1750129353566666640
1750129353599999970
1750129353633333300
1750129353666666630
1750129353699999960
1750129353733333290
1750129353766666620
1750129353799999950
1750129353833333280
1750129353866666610
1750129353899999940
1750129353933333270
1750129353966666600
1750129354000000030
1750129354033333360
1750129354066666690
1750129354100000020
1750129354133333350
1750129354166666680
1750129354200000010
1750129354233333340
1750129354266666670
1750129354300000000
1750129354333333330
1750129354366666660
1750129354399999990
1750129354433333320
1750129354466666650
1750129354499999980
1750129354533333310
1750129354566666640
1750129354599999970
1750129354633333300
1750129354666666630
1750129354699999960
1750129354733333290
1750129354766666620
1750129354799999950
1750129354833333280
1750129354866666610
1750129354899999940
1750129354933333270
1750129354966666600
1750129355000000030
1750129355033333360
1750129355066666690
1750129355100000020
1750129355133333350
1750129355166666680
1750129355200000010
1750129355233333340
1750129355266666670
1750129355300000000
1750129355333333330
1750129355366666660
1750129355399999990
1750129355433333320
1750129355466666650
1750129355499999980
1750129355533333310
1750129355566666640
1750129355599999970
1750129355633333300
1750129355666666630
1750129355699999960
1750129355733333290
1750129355766666620
1750129355799999950
1750129355833333280
1750129355866666610
1750129355899999940
1750129355933333270
1750129355966666600
1750129356000000030
1750129356033333360
1750129356066666690
1750129356100000020
1750129356133333350
1750129356166666680
1750129356200000010
1750129356233333340
1750129356266666670
1750129356300000000
1750129356333333330
1750129356366666660
1750129356399999990
1750129356433333320
1750129356466666650
1750129356499999980
1750129356533333310
1750129356566666640
1750129356599999970
1750129356633333300
1750129356666666630
1750129356699999960
1750129356733333290
1750129356766666620
1750129356799999950
1750129356833333280
1750129356866666610
1750129356899999940
1750129356933333270
1750129356966666600
1750129357000000030
1750129357033333360
1750129357066666690
1750129357100000020
1750129357133333350
1750129357166666680
1750129357200000010
1750129357233333340
1750129357266666670
1750129357300000000
1750129357333333330
1750129357366666660
1750129357399999990
1750129357433333320
1750129357466666650
1750129357499999980
1750129357533333310
1750129357566666640
1750129357599999970
1750129357633333300
1750129357666666630
1750129357699999960
1750129357733333290
1750129357766666620
1750129357799999950
1750129357833333280
1750129357866666610
1750129357899999940
1750129357933333270
1750129357966666600
1750129358000000030
1750129358033333360
1750129358066666690
1750129358100000020
1750129358133333350
1750129358166666680
1750129358200000010
1750129358233333340
1750129358266666670
1750129358300000000
1750129358333333330
1750129358366666660
1750129358399999990
1750129358433333320
1750129358466666650
1750129358499999980
1750129358533333310
1750129358566666640
1750129358599999970
1750129358633333300
1750129358666666630
1750129358699999960
1750129358733333290
1750129358766666620
1750129358799999950
1750129358833333280
1750129358866666610
1750129358899999940
1750129358933333270
1750129358966666600
1750129359000000030
1750129359033333360
1750129359066666690
1750129359100000020
1750129359133333350
1750129359166666680
1750129359200000010
1750129359233333340
1750129359266666670
1750129359300000000
1750129359333333330
1750129359366666660
1750129359399999990
1750129359433333320
1750129359466666650
1750129359499999980
1750129359533333310
1750129359566666640
1750129359599999970
1750129359633333300
1750129359666666630
1750129359699999960
1750129359733333290
1750129359766666620
1750129359799999950
1750129359833333280
1750129359866666610
1750129359899999940
1750129359933333270
1750129359966666600
1750129360000000030
1750129360033333360
1750129360066666690
1750129360100000020
1750129360133333350
1750129360166666680
1750129360200000010
1750129360233333340
1750129360266666670
1750129360300000000
1750129360333333330
1750129360366666660
1750129360399999990
1750129360433333320
1750129360466666650
1750129360499999980
1750129360533333310
1750129360566666640
1750129360599999970
1750129360633333300
1750129360666666630
1750129360699999960
1750129360733333290
1750129360766666620
1750129360799999950
1750129360833333280
1750129360866666610
1750129360899999940
1750129360933333270
1750129360966666600
1750129361000000030
1750129361033333360
1750129361066666690
1750129361100000020
1750129361133333350
1750129361166666680
1750129361200000010
1750129361233333340
1750129361266666670
1750129361300000000
1750129361333333330
1750129361366666660
1750129361399999990
1750129361433333320
1750129361466666650
1750129361499999980
1750129361533333310
1750129361566666640
1750129361599999970
1750129361633333300
1750129361666666630
1750129361699999960
1750129361733333290
1750129361766666620
1750129361799999950
1750129361833333280
1750129361866666610
1750129361899999940
1750129361933333270
1750129361966666600
1750129362000000030
1750129362033333360
1750129362066666690
1750129362100000020
1750129362133333350
1750129362166666680
1750129362200000010
1750129362233333340
1750129362266666670
1750129362300000000
1750129362333333330
1750129362366666660
1750129362399999990
1750129362433333320
1750129362466666650
1750129362499999980
1750129362533333310
1750129362566666640
1750129362599999970
1750129362633333300
1750129362666666630
1750129362699999960
1750129362733333290
1750129362766666620
1750129362799999950
1750129362833333280
1750129362866666610
1750129362899999940
1750129362933333270
1750129362966666600
1750129363000000030
1750129363033333360
1750129363066666690
1750129363100000020
1750129363133333350
1750129363166666680
1750129363200000010
1750129363233333340
1750129363266666670
1750129363300000000
1750129363333333330
1750129363366666660
1750129363399999990
1750129363433333320
1750129363466666650
1750129363499999980
1750129363533333310
1750129363566666640
1750129363599999970
1750129363633333300
1750129363666666630
1750129363699999960
1750129363733333290
1750129363766666620
1750129363799999950
1750129363833333280
1750129363866666610
1750129363899999940
1750129363933333270
1750129363966666600
1750129364000000030
1750129364033333360
1750129364066666690
1750129364100000020
1750129364133333350
1750129364166666680
1750129364200000010
1750129364233333340
1750129364266666670
1750129364300000000
1750129364333333330
1750129364366666660
1750129364399999990
1750129364433333320
1750129364466666650
1750129364499999980
1750129364533333310
1750129364566666640
1750129364599999970
1750129364633333300
1750129364666666630
1750129364699999960
1750129364733333290
1750129364766666620
1750129364799999950
1750129364833333280
1750129364866666610
1750129364899999940
1750129364933333270
1750129364966666600
1750129365000000030
1750129365033333360
1750129365066666690
1750129365100000020
1750129365133333350
1750129365166666680
1750129365200000010
1750129365233333340
1750129365266666670
1750129365300000000
1750129365333333330
1750129365366666660
1750129365399999990
1750129365433333320
1750129365466666650
1750129365499999980
1750129365533333310
1750129365566666640
1750129365599999970
1750129365633333300
1750129365666666630
1750129365699999960
1750129365733333290
1750129365766666620
1750129365799999950
1750129365833333280
1750129365866666610
1750129365899999940
1750129365933333270
1750129365966666600
1750129366000000030
1750129366033333360
1750129366066666690
1750129366100000020
1750129366133333350
1750129366166666680
1750129366200000010
1750129366233333340
1750129366266666670
1750129366300000000
1750129366333333330
1750129366366666660
1750129366399999990
1750129366433333320
1750129366466666650
1750129366499999980
1750129366533333310
1750129366566666640
1750129366599999970
1750129366633333300
1750129366666666630
1750129366699999960
1750129366733333290
1750129366766666620
1750129366799999950
1750129366833333280
1750129366866666610
1750129366899999940
1750129366933333270
1750129366966666600
1750129367000000030
1750129367033333360
1750129367066666690
1750129367100000020
1750129367133333350
1750129367166666680
1750129367200000010
1750129367233333340
1750129367266666670
1750129367300000000
1750129367333333330
1750129367366666660
1750129367399999990
1750129367433333320
1750129367466666650
1750129367499999980
1750129367533333310
1750129367566666640
1750129367599999970
1750129367633333300
1750129367666666630
1750129367699999960
1750129367733333290
1750129367766666620
1750129367799999950
1750129367833333280
1750129367866666610
1750129367899999940
1750129367933333270
1750129367966666600
1750129368000000030
1750129368033333360
1750129368066666690
1750129368100000020
1750129368133333350
1750129368166666680
1750129368200000010
1750129368233333340
1750129368266666670
1750129368300000000
1750129368333333330
1750129368366666660
1750129368399999990
1750129368433333320
1750129368466666650
1750129368499999980
1750129368533333310
1750129368566666640
1750129368599999970
1750129368633333300
1750129368666666630
1750129368699999960
1750129368733333290
1750129368766666620
1750129368799999950
1750129368833333280
1750129368866666610
1750129368899999940
1750129368933333270
1750129368966666600
1750129369000000030
1750129369033333360
1750129369066666690
1750129369100000020
1750129369133333350
1750129369166666680
1750129369200000010
1750129369233333340
1750129369266666670
1750129369300000000
1750129369333333330
1750129369366666660
1750129369399999990
1750129369433333320
1750129369466666650
1750129369499999980
1750129369533333310
1750129369566666640
1750129369599999970
1750129369633333300
1750129369666666630
1750129369699999960
1750129369733333290
1750129369766666620
1750129369799999950
1750129369833333280
1750129369866666610
1750129369899999940
1750129369933333270
1750129369966666600
1750129370000000030
1750129370033333360
1750129370066666690
1750129370100000020
1750129370133333350
1750129370166666680
1750129370200000010
1750129370233333340
1750129370266666670
1750129370300000000
1750129370333333330
1750129370366666660
1750129370399999990
1750129370433333320
1750129370466666650
1750129370499999980
1750129370533333310
1750129370566666640
1750129370599999970
1750129370633333300
1750129370666666630
1750129370699999960
1750129370733333290
1750129370766666620
1750129370799999950
1750129370833333280
1750129370866666610
1750129370899999940
1750129370933333270
1750129370966666600
1750129371000000030
1750129371033333360
1750129371066666690
1750129371100000020
1750129371133333350
1750129371166666680
1750129371200000010
1750129371233333340
1750129371266666670
1750129371300000000
1750129371333333330
1750129371366666660
1750129371399999990
1750129371433333320
1750129371466666650
1750129371499999980
1750129371533333310
1750129371566666640
1750129371599999970
1750129371633333300
1750129371666666630
1750129371699999960
1750129371733333290
1750129371766666620
1750129371799999950
1750129371833333280
1750129371866666610
1750129371899999940
1750129371933333270
1750129371966666600
1750129372033333360
2553352571000002370
943891201000000000
943891201000000000
943891201000000000
943891201000000000
943891201000000000
943891201000000000
943891201000000000
943891201000000000
943891201000000000
943891201000000000
943891201000000000
943891201000000000
943891201000000000
943891201000000000
943891201000000000
943891201000000000
943891201000000000
943891201000000000
943891201000000000
943891201000000000
943891201000000000
943891201000000000
943891201000000000
943891201000000000
943891201000000000
943891201000000000
943891201000000000
943891201000000000
943891201000000000
943891201000000000
943891201000000000
943891201000000000
943891201000000000
943891201000000000
943891201000000000
943891201000000000
943891201000000000
943891201000000000
943891201000000000
